9.98966861516237e-05
0.000712871551513672
0.00100797554478049
0.00182980857789516
0.00270093744620681
0.00362089835107327
0.00372909219004214
0.00442751334048808
0.00522960117086768
0.00564166880212724
0.00635706074535847
0.00697219697758555
0.00899401376955211
0.0107225547544658
0.011238602688536
0.011628131614998
0.0117053263820708
0.0122482059523463
0.0126596125774086
0.0127918880898505
0.0135483697522432
0.0143007040023804
0.0143215723801404
0.0146117471158504
0.0146206491626799
0.0150645489338785
0.0154030644334853
0.0175564847886562
0.0177843712735921
0.0182325467467308
0.0184944320935756
0.0189460192341357
0.0192119153216481
0.0196068449877203
0.0204283504281193
0.021993231261149
0.0232769653666764
0.0240711530204862
0.0242987673263997
0.0250387617852539
0.0256636715494096
0.025764926103875
0.0258914954029024
0.0265386125538498
0.0267715551890433
0.0268700991291553
0.0277419507037848
0.0281882104463875
0.0291913754772395
0.0304139156360179
0.0308706406503916
0.0312122898176312
0.0316103280056268
0.0318006896413863
0.0333385879639536
0.0334682445973158
0.0338830219116062
0.0349359717220068
0.035572606138885
0.0372868222184479
0.0374048668891191
0.0375373994465917
0.037868692073971
0.0391988297924399
0.0399818734731525
0.0400842695962638
0.0405601956881583
0.0407041618600488
0.0414538162294775
0.0417085771914572
0.0417479441966861
0.041786823188886
0.0421090128365904
0.0422237443272024
0.0423113883007318
0.0432320940308273
0.0433945055119693
0.0435559002216905
0.044265917269513
0.0443240159656852
0.0449988832697272
0.0453388376627117
0.0455080436076969
0.0463236491195858
0.0463470991235226
0.0465861514676362
0.0490954294800758
0.0495427758432925
0.049592177150771
0.0499899513088167
0.0500728308688849
0.0504423873499036
0.051156802335754
0.0526784330140799
0.0529383162502199
0.0533338845707476
0.053580027539283
0.0538004788104445
0.0552977256011218
0.0555648251902312
0.0555917122401297
0.0561147609259933
0.0569612591061741
0.0576611016876996
0.0583650071639568
0.0589822228066623
0.060159235727042
0.0604783105663955
0.0614416513126343
0.0618379777297378
0.0624362255912274
0.0627025582361966
0.065026638796553
0.065504346974194
0.0667074040975422
0.0675164139829576
0.0694315747823566
0.0712076146155596
0.0714680384844542
0.0720197875052691
0.07280976139009
0.0729245711117983
0.0737324538640678
0.0740397453773767
0.0742380302399397
0.0761928055435419
0.0767090725712478
0.0776286649052054
0.0788508530240506
0.0789152428042144
0.0790666833054274
0.0794646854046732
0.079765620874241
0.0797731094062328
0.0798602032009512
0.0802558236755431
0.0807270766235888
0.0818383425939828
0.0826284347567707
0.0840173510368913
0.0841411757282913
0.0850703052710742
0.0857868706807494
0.0864254599437118
0.0870175240561366
0.0874243318103254
0.0876323629636317
0.0877550626173615
0.0888855499215424
0.0895057597663254
0.0897392486222088
0.0905711150262505
0.0906320724170655
0.0913103024940938
0.0916659699287266
0.0919697841163725
0.0924383951351047
0.0930458169896156
0.0936079178936779
0.0938386954367161
0.0938488005194813
0.0938795933034271
0.0938955023884773
0.0945156426168978
0.0945397303439677
0.0961754522286355
0.0964781201910228
0.0999050729442388
0.100195115432143
0.100619308883324
0.101083053508773
0.102337484946474
0.102989500854164
0.10306182783097
0.104579584673047
0.104658342897892
0.105404291534796
0.105604098876938
0.106057880213484
0.10610895906575
0.106724259443581
0.108252516947687
0.108345274580643
0.10871817660518
0.108789824182168
0.108916121767834
0.110065911430866
0.111667742254212
0.112830187194049
0.113182686967775
0.113185914233327
0.113800375722349
0.114072301192209
0.114317267201841
0.114650501869619
0.114661511499435
0.114715072093531
0.114964255830273
0.11505339643918
0.115619623567909
0.116377357393503
0.116485845996067
0.118735869647935
0.118998045567423
0.119420433184132
0.119503386784345
0.119763972936198
0.121174476342276
0.121537341037765
0.122083618072793
0.12221174640581
0.123427256243303
0.123544292990118
0.12417462724261
0.124780531972647
0.125306213274598
0.125840445747599
0.126241702586412
0.126260496443138
0.126294871326536
0.126464968314394
0.126607855083421
0.130232621449977
0.130938151152804
0.13175539392978
0.132096397923306
0.132306571817026
0.132734035840258
0.134024609811604
0.134608768625185
0.135436810087413
0.135676281992346
0.137252745451406
0.137518558651209
0.138406411046162
0.139472845708951
0.141288403654471
0.141772699542344
0.14191592973657
0.142029212554917
0.142369754379615
0.142387309111655
0.142952411668375
0.142979715717956
0.143425843911245
0.144288722192869
0.144381201360375
0.14599509909749
0.14663517428562
0.146666485117748
0.148306786781177
0.148536069551483
0.149035260081291
0.149198985192925
0.150589662604034
0.151340559590608
0.152106684632599
0.152275968808681
0.153375841677189
0.153972802683711
0.155534970574081
0.156204863451421
0.158697980223224
0.158880068222061
0.159671693807468
0.160680508008227
0.161366739310324
0.162049516802654
0.162595896748826
0.162843439960852
0.163451212691143
0.165822870563716
0.165923199150711
0.166693273698911
0.16684111696668
0.16699255281128
0.167380774859339
0.167529161088169
0.167604847112671
0.169234636239707
0.169263386167586
0.169639291241765
0.170539030106738
0.171390557195991
0.171574942534789
0.171960102859885
0.172987680649385
0.173069726908579
0.17442088923417
0.174957739887759
0.175185463158414
0.175373672042042
0.175946600968018
0.176883522421122
0.177253383444622
0.177413841243833
0.178164368495345
0.178796752588823
0.178845145041123
0.179590312764049
0.180524022784084
0.181033189641312
0.181960968766361
0.182514807442203
0.182854242622852
0.184532705927268
0.185700493864715
0.185852526919916
0.186112596653402
0.18626772495918
0.188136497046798
0.188330184202641
0.188587184529752
0.189105164259672
0.190246353857219
0.19053676025942
0.191541810054332
0.192498883232474
0.192690887488425
0.192940938752145
0.193216246087104
0.19405699102208
0.194873629137874
0.195476938737556
0.196303548989818
0.196713601471856
0.198131230194122
0.199001255445182
0.199150767410174
0.199479943839833
0.199516566237435
0.200113276718184
0.200563157908618
0.204467462142929
0.204659612150863
0.205213073873892
0.205290555953979
0.205392153235152
0.205446953885257
0.20600137161091
0.206293906550854
0.20645101624541
0.207477815914899
0.207729796413332
0.208480641478673
0.209939380874857
0.210499181877822
0.211051634280011
0.211859550559893
0.21286737639457
0.213222461286932
0.213901676237583
0.214943170547485
0.215795599622652
0.21631977846846
0.216527436161414
0.217135148588568
0.217791438801214
0.219251355854794
0.220206540776417
0.220233065541834
0.220827187178656
0.220842521172017
0.221187446266413
0.221351314801723
0.222039921907708
0.222611441276968
0.223659245297313
0.223882978083566
0.223905104445294
0.224517112830654
0.224905689712614
0.224987115943804
0.225021235877648
0.227702272124588
0.23098726500757
0.231552874669433
0.232443487970158
0.232475207885727
0.232549686217681
0.234062498202547
0.234070899663493
0.237644031411037
0.238076257053763
0.238938342779875
0.241734002716839
0.241930441232398
0.242348186438903
0.245418054750189
0.247859412571415
0.248043360188603
0.248225847026333
0.249121428467333
0.249396513216197
0.249861192889512
0.25038620037958
0.250943456077948
0.252070333342999
0.253328050486743
0.253793565556407
0.253839388489723
0.254786261357367
0.254888434195891
0.255164700560272
0.257442795904353
0.258405435597524
0.259155738865957
0.259948405437171
0.259957979200408
0.261859984369949
0.261886106105521
0.26444061473012
0.265020212158561
0.265500533860177
0.265512710204348
0.267551194410771
0.269524194998667
0.270539481192827
0.27262031682767
0.273403353989124
0.275071886600927
0.277078383136541
0.277391510549933
0.277414520503953
0.278407596284524
0.27915491675958
0.279159772908315
0.283249858533964
0.285896617686376
0.288105305982754
0.288578477920964
0.288677866803482
0.290594487916678
0.290902616456151
0.293333538342267
0.294203200610355
0.294768304098397
0.296310366364196
0.296339206164703
0.297638311050832
0.298230742570013
0.300428287824616
0.300526730483398
0.304062882205471
0.305441527161747
0.306644080439582
0.307982062222436
0.311952433781698
0.31413276004605
0.317318499088287
0.31773704267107
0.323357181856409
0.32718149619177
0.328345579793677
0.330879940418527
0.334201709134504
0.335817757993937
0.33684284100309
0.337068585446104
0.337352769216523
0.338748015463352
0.339129614410922
0.345221262658015
0.346477000275627
0.347373651340604
0.347848819801584
0.348749336320907
0.350274380994961
0.352950586238876
0.35714679188095
0.357937613269314
0.358280375367031
0.359233442228287
0.359727974282578
0.359797909855843
0.361877308692783
0.366501091979444
0.373253404162824
0.374712869990617
0.382873335387558
0.385788816493005
0.395986622897908
0.403231993084773
0.418605823302642
0.429909344064072
0.432000005617738
0.433978502871469
0.451997543452308
0.523697314085439
0.546908532036468
0.554515292169526
0.570507384836674
0.570625363616273
0.576690128538758
0.577855685027316
0.586459016194567
0.590287848375738
0.596294200979173
0.596658935770392
0.600424326490611
0.601542746881023
0.608939907047898
0.612202374497429
0.62150107184425
0.626258627977222
0.627745150355622
0.633484835037962
0.634449071018025
0.635616430081427
0.640283496119082
0.640824562404305
0.642081726109609
0.643853718182072
0.64578701602295
0.64802562375553
0.648143720580265
0.653130433987826
0.656996729318053
0.659796209540218
0.659862699918449
0.660056509776041
0.661381016718224
0.661441283999011
0.663630192866549
0.668337458977476
0.670237930025905
0.671230157837272
0.672056446783245
0.673499522032216
0.675312353065237
0.675673315301538
0.679562372155488
0.679573886794969
0.680351768387482
0.683362177805975
0.684388626134023
0.68542326358147
0.686627597548068
0.687387373298407
0.688804483506829
0.690780206816271
0.690923413960263
0.691968185827136
0.693422395735979
0.693806012859568
0.694959156215191
0.698464001063257
0.699513385072351
0.702303060330451
0.703044301364571
0.703600714216009
0.704651976702735
0.707475313451141
0.707818030379713
0.708205119008198
0.708609279477969
0.708826730260625
0.708843898028135
0.710663611069322
0.710791843011975
0.711969438241795
0.714700401760638
0.715216611744836
0.715403840178624
0.715692247962579
0.715718961553648
0.715979837346822
0.717616739915684
0.717902007745579
0.720247322460636
0.723270820453763
0.723748297663406
0.724782143021002
0.725769113050774
0.726155689684674
0.727001993916929
0.727427333360538
0.727576837176457
0.728065621806309
0.73113767337054
0.732345296768472
0.734362652059644
0.734720956766978
0.735038186656311
0.736600628588349
0.73668964789249
0.738371823448688
0.739273147191852
0.739753232803196
0.739985256688669
0.74045096593909
0.740779832471162
0.742359641008079
0.742804290959612
0.742852007737383
0.743189004249871
0.743400246603414
0.744163568597287
0.745456305565313
0.74565190449357
0.748133754590526
0.748227847972885
0.748640811769292
0.749617130495608
0.750420703552663
0.750446360791102
0.750762421637774
0.75085907173343
0.751584512647241
0.752502831164747
0.753394943429157
0.754377594217658
0.754554102197289
0.756343162851408
0.757201362401247
0.757359484676272
0.757700237911195
0.757793327327818
0.757884531049058
0.758202061289921
0.758457496296614
0.758886662079021
0.758951195515692
0.760443314444274
0.760984852677211
0.761658365139738
0.762606133241206
0.762631085468456
0.765082456870005
0.765641676727682
0.766158650629222
0.76686126110144
0.766871122643352
0.766898571280763
0.767786453245208
0.768367999698967
0.770697028608993
0.770906590623781
0.771055496530607
0.773302851011977
0.773955031530932
0.774030411615968
0.774332729168236
0.775292052654549
0.775751144392416
0.776516136014834
0.777689756359905
0.779583753552288
0.780029207468033
0.78102990007028
0.781623606337234
0.78354932134971
0.784681141376495
0.785791713278741
0.785846777958795
0.786860672058538
0.786910402821377
0.788999051088467
0.790333592798561
0.791726055322215
0.792365876259282
0.792456773342565
0.792518467409536
0.792989543173462
0.793058906449005
0.793096987530589
0.793368057813495
0.793603567173705
0.79435613239184
0.794596384745091
0.79576616641134
0.796210422180593
0.796242696233094
0.796750608598813
0.797438404522836
0.800082569709048
0.800256229471415
0.800321261631325
0.800629216479138
0.801074694143608
0.802808539709076
0.803243962815031
0.80324827041477
0.804773080395535
0.806188575224951
0.807250108104199
0.807393308728933
0.807468942832202
0.807516175555065
0.808177440892905
0.808682918781415
0.810361648909748
0.810882084071636
0.810961117269471
0.81169770937413
0.812648479128256
0.812740904046223
0.812951175961643
0.813260972034186
0.81398530327715
0.814030891750008
0.81499830307439
0.81548872240819
0.81549709988758
0.81584242801182
0.815996937686577
0.816045218845829
0.816232657292858
0.816613863222301
0.816669829422608
0.816926304250956
0.81693552993238
0.817538919858634
0.818489741999656
0.818732129875571
0.818770759506151
0.819066080497578
0.819419842679054
0.822337460936978
0.822936303680763
0.823229482397437
0.823441577842459
0.823536544805393
0.823818968841806
0.8255418415647
0.828552942723036
0.82904555904679
0.83187454729341
0.832494084956124
0.833618887001649
0.834399540675804
0.836058526998386
0.836587483994663
0.838166517671198
0.838473936775699
0.838763364823535
0.838805744657293
0.838973266538233
0.839911806164309
0.840361602604389
0.840788726229221
0.842467460315675
0.843220923561603
0.843346531270072
0.843832255573943
0.846207699505612
0.847306885290891
0.848393181571737
0.848988908343017
0.84945574728772
0.849626400740817
0.849803962744772
0.849953373661265
0.851945871021599
0.852133572567254
0.852201988222077
0.852617986267433
0.85309666977264
0.854190947953612
0.854255473008379
0.854330338537693
0.855448654387146
0.855920278700069
0.856552748009562
0.857375987805426
0.857547890162095
0.858355849981308
0.859158101724461
0.85917542502284
0.860249527730048
0.860572426347062
0.861424083355814
0.861782502848655
0.862328254850581
0.862486706813797
0.863175646634772
0.863612926565111
0.863717876141891
0.864017760846764
0.864486843347549
0.866137079661712
0.866326842457056
0.866708782268688
0.868069497868419
0.868198725162074
0.868516420479864
0.868798302020878
0.869037887314335
0.870428944006562
0.871654550079256
0.871828791452572
0.87219357304275
0.872533198213205
0.87302994960919
0.873368111904711
0.875959943979979
0.876207193359733
0.876571745844558
0.876940926304087
0.877004913985729
0.877005901187658
0.878577664261684
0.878699487540871
0.879678514087573
0.879737263079733
0.880865185521543
0.881373032461852
0.882135746534914
0.883084068074822
0.883237755391747
0.883708571083844
0.88397502200678
0.88407986680977
0.884601796511561
0.884720877045766
0.885552736930549
0.885685383807868
0.886304275132716
0.886615913826972
0.887506983242929
0.887726625660434
0.888081236742437
0.88830189127475
0.889330175239593
0.889798969961703
0.89108507684432
0.891088405856863
0.892423576209694
0.893006159458309
0.893166283611208
0.893978173146024
0.896059293532744
0.898023401387036
0.899488266557455
0.899800795363262
0.899943720316514
0.900195113848895
0.900621243054047
0.900698302313685
0.900929338764399
0.901085220742971
0.901587312342599
0.901985478587449
0.90275527862832
0.902827771147713
0.90323203150183
0.904392997501418
0.904413829091936
0.904546027304605
0.905340380501002
0.905343908118084
0.905812696786597
0.906094833044335
0.906377080827951
0.906406305031851
0.90651395288296
0.906653179554269
0.908111859112978
0.908131544711068
0.908173733390868
0.908688952680677
0.909210383193567
0.910072735277936
0.910566492937505
0.911554757039994
0.912617370253429
0.912837460171431
0.916203387780115
0.916550825117156
0.917222967371345
0.917522243922576
0.917992236558348
0.918495881138369
0.918630796251819
0.919145140331239
0.919766616774723
0.923476594267413
0.923781574936584
0.92459382279776
0.925850812811404
0.925861106952652
0.926018138183281
0.928353736177087
0.929365699179471
0.929464757908136
0.93010754021816
0.930497923865914
0.93161119800061
0.931903603952378
0.932061278028414
0.93339342949912
0.933406895026565
0.933599711162969
0.933661837130785
0.934355171397328
0.934843079652637
0.935414522187784
0.936354368925095
0.936540366150439
0.936866632429883
0.936934446915984
0.937027464387938
0.937348708044738
0.937475776998326
0.937556814402342
0.937812661286443
0.938081040745601
0.938283777562901
0.938350317534059
0.938506005797535
0.940394355449826
0.940805823309347
0.941196994856
0.941917388234288
0.942247268278152
0.942771903704852
0.943135730922222
0.944261506665498
0.94437955506146
0.945845423266292
0.946472765877843
0.946524173021317
0.949539535213262
0.949789796723053
0.951354098273441
0.95186385163106
0.951894176891074
0.9531634086743
0.953711925307289
0.953905947972089
0.95394174894318
0.954268180532381
0.954752930672839
0.954793092794716
0.956869720248505
0.959476626478136
0.959790790919214
0.960091657470912
0.960581073304638
0.961254223249853
0.962415162706748
0.963074652478099
0.964324964443222
0.965149621013552
0.965332052204758
0.965516470372677
0.965631503378972
0.966578886378556
0.966822088463232
0.967761296313256
0.968805494252592
0.969509640941396
0.969845664221793
0.97016837541014
0.970854349667206
0.971637197304517
0.972932345699519
0.973307153442875
0.973666448146105
0.974775037495419
0.974962895968929
0.974999456433579
0.975530456285924
0.976278617046773
0.97659778338857
0.976639832137153
0.977377702482045
0.978334981948137
0.978786770254374
0.979579858947545
0.980088197859004
0.980963120702654
0.981417272938415
0.981647642562166
0.981658485718071
0.983267554081976
0.983424742938951
0.983907850924879
0.984311594627798
0.984509943285957
0.984665820607916
0.984794114949182
0.985922392457724
0.98711364204064
0.987376801203936
0.988417063141242
0.988681766437367
0.98896627407521
0.989872517064214
0.99068259797059
0.990854409523308
0.991051055025309
0.991646130103618
0.992783276364207
0.993202920071781
0.993875021813437
0.993934095138684
0.994445113698021
0.997568476945162
0.997684806119651
